0001_0708_0084_0071_0142.jpg 1 708 84 71 142
0002_0111_0034_0132_0264.jpg 1 111 34 132 264
0003_0475_0313_0122_0244.jpg 1 475 313 122 244
0004_0216_0083_0087_0175.jpg 1 216 83 87 175
0005_0489_0054_0149_0298.jpg 1 489 54 149 298
0006_0083_0036_0113_0227.jpg 1 83 36 113 227
0007_0194_0258_0157_0314.jpg 1 194 258 157 314
0008_0302_0083_0185_0370.jpg 1 302 83 185 370
0009_0144_0215_0060_0120.jpg 1 144 215 60 120
0010_0323_0223_0052_0104.jpg 1 323 223 52 104
0011_0766_0337_0152_0304.jpg 1 766 337 152 304
0012_0451_0031_0094_0188.jpg 1 451 31 94 188
0013_0165_0386_0145_0291.jpg 1 165 386 145 291
0014_0420_0179_0218_0436.jpg 1 420 179 218 436
0015_0611_0281_0172_0344.jpg 1 611 281 172 344
0016_0192_0721_0258_0516.jpg 1 192 721 258 516
0017_0310_0093_0094_0188.jpg 1 310 93 94 188
0018_0503_0374_0121_0242.jpg 1 503 374 121 242
0019_0453_0095_0131_0263.jpg 1 453 95 131 263
0020_0133_0167_0059_0119.jpg 1 133 167 59 119
0021_0199_0278_0128_0256.jpg 1 199 278 128 256
0022_0483_0168_0154_0308.jpg 1 483 168 154 308
0023_0152_0089_0018_0037.jpg 1 152 89 18 37
0024_0228_0025_0212_0425.jpg 1 228 25 212 425
0025_0279_0038_0088_0177.jpg 1 279 38 88 177
0026_0292_0149_0084_0169.jpg 1 292 149 84 169
0027_0210_0133_0176_0353.jpg 1 210 133 176 353
0028_0141_0237_0011_0022.jpg 1 141 237 11 22
0029_0258_0107_0177_0355.jpg 1 258 107 177 355
0030_0469_0508_0028_0056.jpg 1 469 508 28 56
0031_0472_0174_0049_0099.jpg 1 472 174 49 99
0032_0069_0059_0149_0299.jpg 1 69 59 149 299
0033_0282_0449_0459_0919.jpg 1 282 449 459 919
0034_0654_0181_0187_0374.jpg 1 654 181 187 374
0035_0061_0061_0055_0110.jpg 1 61 61 55 110
0036_0216_0045_0035_0070.jpg 1 216 45 35 70
0037_0701_0327_0063_0127.jpg 1 701 327 63 127
0038_0262_0109_0167_0334.jpg 1 262 109 167 334
0039_0490_0150_0019_0038.jpg 1 490 150 19 38
0040_0292_0129_0132_0265.jpg 1 292 129 132 265
0041_0049_0050_0129_0258.jpg 1 49 50 129 258
0042_0334_0195_0037_0074.jpg 1 334 195 37 74
0043_0216_0239_0199_0398.jpg 1 216 239 199 398
0044_0105_0056_0124_0249.jpg 1 105 56 124 249
0045_0131_0117_0092_0185.jpg 1 131 117 92 185
0046_0172_0398_0098_0197.jpg 1 172 398 98 197
0047_0213_0166_0043_0087.jpg 1 213 166 43 87
0048_0243_0067_0108_0216.jpg 1 243 67 108 216
0049_0355_0326_0062_0124.jpg 1 355 326 62 124
0050_0663_0290_0054_0109.jpg 1 663 290 54 109
0051_0393_0250_0130_0260.jpg 1 393 250 130 260
0052_0799_0527_0015_0031.jpg 1 799 527 15 31
0053_0262_0058_0020_0041.jpg 1 262 58 20 41
0054_0443_0123_0066_0132.jpg 1 443 123 66 132
0055_0073_0058_0146_0293.jpg 1 73 58 146 293
0056_0490_0080_0051_0103.jpg 1 490 80 51 103
0057_0187_0105_0227_0454.jpg 1 187 105 227 454
0058_0179_0068_0180_0361.jpg 1 179 68 180 361
0059_0745_0635_0119_0239.jpg 1 745 635 119 239
0060_0483_0139_0041_0083.jpg 1 483 139 41 83
0061_0297_0039_0133_0266.jpg 1 297 39 133 266
0062_0267_0169_0035_0070.jpg 1 267 169 35 70
0063_0798_0109_0136_0272.jpg 1 798 109 136 272
0064_0218_0110_0230_0460.jpg 1 218 110 230 460
0065_0720_0077_0134_0268.jpg 1 720 77 134 268
0066_0279_0187_0073_0146.jpg 1 279 187 73 146
0067_0260_0554_0296_0593.jpg 1 260 554 296 593
0068_0274_0077_0065_0130.jpg 1 274 77 65 130
0069_0128_0031_0127_0254.jpg 1 128 31 127 254
0070_0059_0167_0521_1042.jpg 1 59 167 521 1042
0071_0439_0101_0023_0046.jpg 1 439 101 23 46
0072_0566_0254_0198_0397.jpg 1 566 254 198 397
0073_0234_0185_0217_0435.jpg 1 234 185 217 435
0074_0296_0198_0027_0054.jpg 1 296 198 27 54
0075_0423_0052_0031_0062.jpg 1 423 52 31 62
0076_0105_0133_0110_0221.jpg 1 105 133 110 221
0077_0113_0019_0168_0336.jpg 1 113 19 168 336
0078_0266_0237_0079_0158.jpg 1 266 237 79 158
0079_0196_0054_0106_0213.jpg 1 196 54 106 213
0080_0416_0832_0303_0607.jpg 1 416 832 303 607
0081_0792_0183_0067_0134.jpg 1 792 183 67 134
0082_0389_0037_0237_0475.jpg 1 389 37 237 475
0083_0611_0471_0032_0065.jpg 1 611 471 32 65
0084_0615_0326_0028_0056.jpg 1 615 326 28 56
0085_0149_0119_0075_0151.jpg 1 149 119 75 151
0086_0090_0050_0171_0342.jpg 1 90 50 171 342
0087_0573_0202_0010_0021.jpg 1 573 202 10 21
0088_0296_0041_0124_0249.jpg 1 296 41 124 249
0089_0252_0195_0086_0172.jpg 1 252 195 86 172
0090_0658_0207_0012_0025.jpg 1 658 207 12 25
0091_0336_0334_0110_0221.jpg 1 336 334 110 221
0092_0854_0981_0012_0024.jpg 1 854 981 12 24
0093_0380_0110_0082_0164.jpg 1 380 110 82 164
0094_0496_0037_0058_0117.jpg 1 496 37 58 117
0095_0649_0538_0345_0690.jpg 1 649 538 345 690
0096_0115_0094_0183_0367.jpg 1 115 94 183 367
0097_0258_0071_0124_0249.jpg 1 258 71 124 249
0098_0208_0032_0105_0211.jpg 1 208 32 105 211
0099_0084_0127_0128_0256.jpg 1 84 127 128 256
0100_0424_0062_0097_0194.jpg 1 424 62 97 194
0001_0692_0236_0194_0389.jpg 1 692 236 194 389
0002_0819_0353_0033_0067.jpg 1 819 353 33 67
0003_0265_0048_0099_0198.jpg 1 265 48 99 198
0004_0318_0177_0089_0178.jpg 1 318 177 89 178
0005_0599_0134_0048_0097.jpg 1 599 134 48 97
0006_0413_0180_0074_0149.jpg 1 413 180 74 149
0007_0508_0380_0010_0021.jpg 1 508 380 10 21
0008_0129_0073_0090_0181.jpg 1 129 73 90 181
0009_0377_0227_0011_0022.jpg 1 377 227 11 22
0010_0242_0054_0092_0184.jpg 1 242 54 92 184
0011_0151_0263_0085_0170.jpg 1 151 263 85 170
0012_0314_0047_0116_0232.jpg 1 314 47 116 232
0013_0314_0297_0031_0062.jpg 1 314 297 31 62
0014_0819_0480_0055_0111.jpg 1 819 480 55 111
0015_0192_0112_0052_0104.jpg 1 192 112 52 104
0016_0568_0090_0207_0415.jpg 1 568 90 207 415
0017_0528_0104_0138_0277.jpg 1 528 104 138 277
0018_0289_0106_0045_0090.jpg 1 289 106 45 90
0019_0110_0217_0166_0333.jpg 1 110 217 166 333
0020_0365_0109_0235_0470.jpg 1 365 109 235 470
0021_0836_0145_0037_0074.jpg 1 836 145 37 74
0022_0436_0109_0043_0087.jpg 1 436 109 43 87
0023_0084_0018_0134_0268.jpg 1 84 18 134 268
0024_0291_0107_0218_0437.jpg 1 291 107 218 437
0025_0185_0228_0037_0075.jpg 1 185 228 37 75
0026_0272_0183_0068_0136.jpg 1 272 183 68 136
0027_0151_0042_0244_0488.jpg 1 151 42 244 488
0028_0362_0437_0098_0197.jpg 1 362 437 98 197
0029_0679_0210_0202_0405.jpg 1 679 210 202 405
0030_0099_0276_0010_0020.jpg 1 99 276 10 20
0031_0647_0247_0080_0160.jpg 1 647 247 80 160
0032_0366_0107_0064_0129.jpg 1 366 107 64 129
0033_0370_0288_0023_0047.jpg 1 370 288 23 47
0034_0147_0202_0026_0053.jpg 1 147 202 26 53
0035_0222_0339_0126_0252.jpg 1 222 339 126 252
0036_0338_0311_0048_0097.jpg 1 338 311 48 97
0037_0201_0155_0262_0524.jpg 1 201 155 262 524
0038_0172_0197_0171_0343.jpg 1 172 197 171 343
0039_0041_0130_0138_0276.jpg 1 41 130 138 276
0040_0179_0247_0031_0063.jpg 1 179 247 31 63
0041_0841_0698_0093_0186.jpg 1 841 698 93 186
0042_0648_0049_0130_0261.jpg 1 648 49 130 261
0043_0074_0144_0151_0302.jpg 1 74 144 151 302
0044_0155_0155_0072_0145.jpg 1 155 155 72 145
0045_0441_0337_0488_0977.jpg 1 441 337 488 977
0046_0184_0454_0063_0127.jpg 1 184 454 63 127
0047_0661_0123_0024_0048.jpg 1 661 123 24 48
0048_0181_0166_0187_0375.jpg 1 181 166 187 375
0049_0076_0115_0143_0286.jpg 1 76 115 143 286
0050_0035_0141_0157_0314.jpg 1 35 141 157 314
0051_0405_0577_0111_0222.jpg 1 405 577 111 222
0052_0194_0310_0019_0039.jpg 1 194 310 19 39
0053_0699_0718_0080_0161.jpg 1 699 718 80 161
0054_0101_0033_0122_0245.jpg 1 101 33 122 245
0055_0576_0233_0099_0199.jpg 1 576 233 99 199
0056_0469_0191_0029_0058.jpg 1 469 191 29 58
0057_0074_0078_0541_1082.jpg 1 74 78 541 1082
0058_0412_0054_0113_0227.jpg 1 412 54 113 227
0059_0084_0084_0135_0270.jpg 1 84 84 135 270
0060_0108_0088_0042_0084.jpg 1 108 88 42 84
0061_0527_0290_0031_0063.jpg 1 527 290 31 63
0062_0308_0229_0057_0115.jpg 1 308 229 57 115
0063_0329_0289_0135_0271.jpg 1 329 289 135 271
0064_0198_0086_0493_0987.jpg 1 198 86 493 987
0065_0507_0261_0012_0025.jpg 1 507 261 12 25
0066_0157_0072_0115_0231.jpg 1 157 72 115 231
0067_0070_0034_0120_0240.jpg 1 70 34 120 240
0068_0357_0204_0071_0142.jpg 1 357 204 71 142
0069_0275_0763_0257_0514.jpg 1 275 763 257 514
0070_0111_0224_0439_0878.jpg 1 111 224 439 878
0071_0112_0122_0023_0046.jpg 1 112 122 23 46
0072_0479_0236_0084_0169.jpg 1 479 236 84 169
0073_0162_0140_0027_0055.jpg 1 162 140 27 55
0074_0209_0196_0039_0078.jpg 1 209 196 39 78
0075_0207_0108_0065_0130.jpg 1 207 108 65 130
0076_0148_0079_0077_0154.jpg 1 148 79 77 154
0077_0188_0104_0134_0268.jpg 1 188 104 134 268
0078_0231_0043_0085_0170.jpg 1 231 43 85 170
0079_0322_0056_0542_1085.jpg 1 322 56 542 1085
0080_0128_0025_0133_0266.jpg 1 128 25 133 266
0081_0108_0282_0017_0035.jpg 1 108 282 17 35
0082_0677_0159_0176_0352.jpg 1 677 159 176 352
0083_0286_0204_0206_0412.jpg 1 286 204 206 412
0084_0043_0156_0090_0180.jpg 1 43 156 90 180
0085_0633_0224_0195_0390.jpg 1 633 224 195 390
0086_0289_0311_0018_0037.jpg 1 289 311 18 37
0087_0234_0062_0088_0177.jpg 1 234 62 88 177
0088_0765_0443_0105_0211.jpg 1 765 443 105 211
0089_0434_0082_0078_0156.jpg 1 434 82 78 156
0090_0698_0236_0123_0247.jpg 1 698 236 123 247
0091_0310_0075_0047_0094.jpg 1 310 75 47 94
0092_0082_0120_0153_0306.jpg 1 82 120 153 306
0093_0047_0258_0062_0124.jpg 1 47 258 62 124
0094_0407_0064_0109_0219.jpg 1 407 64 109 219
0095_0112_0162_0110_0221.jpg 1 112 162 110 221
0096_0626_0074_0065_0130.jpg 1 626 74 65 130
0097_0726_0379_0092_0185.jpg 1 726 379 92 185
0098_0091_0098_0119_0239.jpg 1 91 98 119 239
0099_0445_0252_0043_0087.jpg 1 445 252 43 87
0100_0329_0094_0137_0274.jpg 1 329 94 137 274
0001_0117_0198_0188_0376.jpg 1 117 198 188 376
0002_0674_0181_0131_0262.jpg 1 674 181 131 262
0003_0298_0183_0132_0264.jpg 1 298 183 132 264
0004_0508_0239_0025_0051.jpg 1 508 239 25 51
0005_0059_0164_0063_0127.jpg 1 59 164 63 127
0006_0121_0042_0207_0415.jpg 1 121 42 207 415
0007_0704_0107_0120_0240.jpg 1 704 107 120 240
0008_0169_0474_0272_0545.jpg 1 169 474 272 545
0009_0151_0056_0244_0488.jpg 1 151 56 244 488
0010_0043_0043_0087_0175.jpg 1 43 43 87 175
0011_0389_0225_0091_0182.jpg 1 389 225 91 182
0012_0255_0162_0092_0184.jpg 1 255 162 92 184
0013_0127_0250_0041_0082.jpg 1 127 250 41 82
0014_0204_0301_0176_0352.jpg 1 204 301 176 352
0015_0281_0274_0130_0260.jpg 1 281 274 130 260
0016_0161_0058_0041_0083.jpg 1 161 58 41 83
0017_0071_0136_0212_0424.jpg 1 71 136 212 424
0018_0321_0164_0051_0103.jpg 1 321 164 51 103
0019_0237_0051_0060_0121.jpg 1 237 51 60 121
0020_0265_0085_0166_0332.jpg 1 265 85 166 332
0021_0380_0144_0098_0197.jpg 1 380 144 98 197
0022_0534_0266_0079_0159.jpg 1 534 266 79 159
0023_0304_0101_0213_0427.jpg 1 304 101 213 427
0024_0176_0332_0106_0213.jpg 1 176 332 106 213
0025_0321_0152_0140_0280.jpg 1 321 152 140 280
0026_0412_0150_0088_0177.jpg 1 412 150 88 177
0027_0205_0192_0159_0319.jpg 1 205 192 159 319
0028_0788_0248_0132_0265.jpg 1 788 248 132 265
0029_0027_0036_0123_0246.jpg 1 27 36 123 246
0030_0196_0019_0135_0270.jpg 1 196 19 135 270
0031_0456_0114_0081_0162.jpg 1 456 114 81 162
0032_0499_0056_0020_0041.jpg 1 499 56 20 41
0033_0294_0036_0082_0165.jpg 1 294 36 82 165
0034_0225_0035_0078_0157.jpg 1 225 35 78 157
0035_0255_0320_0025_0050.jpg 1 255 320 25 50
0036_0104_0087_0078_0156.jpg 1 104 87 78 156
0037_0128_0071_0077_0155.jpg 1 128 71 77 155
0038_0102_0118_0167_0334.jpg 1 102 118 167 334
0039_0142_0044_0082_0164.jpg 1 142 44 82 164
0040_0292_0165_0024_0048.jpg 1 292 165 24 48
0041_0240_0358_0039_0079.jpg 1 240 358 39 79
0042_0140_0363_0083_0167.jpg 1 140 363 83 167
0043_0626_0299_0068_0137.jpg 1 626 299 68 137
0044_0168_0185_0049_0099.jpg 1 168 185 49 99
0045_0168_0283_0094_0188.jpg 1 168 283 94 188
0046_0109_0325_0046_0093.jpg 1 109 325 46 93
0047_0475_0254_0032_0064.jpg 1 475 254 32 64
0048_0369_0250_0048_0097.jpg 1 369 250 48 97
0049_0334_0039_0056_0113.jpg 1 334 39 56 113
0050_0602_0180_0129_0258.jpg 1 602 180 129 258
0051_0125_0359_0091_0183.jpg 1 125 359 91 183
0052_0061_0042_0144_0289.jpg 1 61 42 144 289
0053_0702_0465_0298_0597.jpg 1 702 465 298 597
0054_0238_0128_0181_0363.jpg 1 238 128 181 363
0055_0092_0108_0040_0081.jpg 1 92 108 40 81
0056_0668_0223_0080_0160.jpg 1 668 223 80 160
0057_0633_0069_0130_0260.jpg 1 633 69 130 260
0058_0344_0113_0129_0258.jpg 1 344 113 129 258
0059_0321_0235_0042_0084.jpg 1 321 235 42 84
0060_0076_0213_0116_0233.jpg 1 76 213 116 233
0061_0445_0138_0122_0244.jpg 1 445 138 122 244
0062_0081_0246_0370_0740.jpg 1 81 246 370 740
0063_0113_0054_0012_0025.jpg 1 113 54 12 25
0064_0288_0161_0044_0089.jpg 1 288 161 44 89
0065_0403_0272_0028_0057.jpg 1 403 272 28 57
0066_0349_0115_0166_0333.jpg 1 349 115 166 333
0067_0505_0214_0022_0045.jpg 1 505 214 22 45
0068_0273_0271_0025_0050.jpg 1 273 271 25 50
0069_0109_0121_0022_0044.jpg 1 109 121 22 44
0070_0406_0165_0088_0177.jpg 1 406 165 88 177
0071_0049_0076_0127_0255.jpg 1 49 76 127 255
0072_0154_0076_0141_0282.jpg 1 154 76 141 282
0073_0328_0156_0048_0096.jpg 1 328 156 48 96
0074_0444_0188_0184_0368.jpg 1 444 188 184 368
0075_0314_0153_0107_0214.jpg 1 314 153 107 214
0076_0662_0086_0238_0477.jpg 1 662 86 238 477
0077_0167_0059_0127_0254.jpg 1 167 59 127 254
0078_0321_0316_0061_0123.jpg 1 321 316 61 123
0079_0379_0700_0206_0412.jpg 1 379 700 206 412
0080_0405_0252_0362_0724.jpg 1 405 252 362 724
0081_0323_0092_0141_0283.jpg 1 323 92 141 283
0082_0276_0078_0105_0211.jpg 1 276 78 105 211
0083_0089_0190_0069_0138.jpg 1 89 190 69 138
0084_0154_0067_0042_0085.jpg 1 154 67 42 85
0085_0327_0257_0031_0063.jpg 1 327 257 31 63
0086_0211_0318_0124_0249.jpg 1 211 318 124 249
0087_0318_0060_0079_0158.jpg 1 318 60 79 158
0088_0488_0177_0022_0045.jpg 1 488 177 22 45
0089_0536_0354_0127_0254.jpg 1 536 354 127 254
0090_0771_1013_0188_0377.jpg 1 771 1013 188 377
0091_0442_0171_0047_0094.jpg 1 442 171 47 94
0092_0234_0145_0105_0211.jpg 1 234 145 105 211
0093_0337_0138_0045_0090.jpg 1 337 138 45 90
0094_0334_0264_0104_0208.jpg 1 334 264 104 208
0095_0081_0322_0134_0268.jpg 1 81 322 134 268
0096_0158_0114_0023_0047.jpg 1 158 114 23 47
0097_0504_0122_0033_0067.jpg 1 504 122 33 67
0098_0452_0047_0165_0330.jpg 1 452 47 165 330
0099_0074_0281_0050_0100.jpg 1 74 281 50 100
0100_0525_0150_0141_0282.jpg 1 525 150 141 282
0001_0287_0438_0453_0906.jpg 1 287 438 453 906
0002_0142_0032_0121_0243.jpg 1 142 32 121 243
0003_0054_0178_0211_0422.jpg 1 54 178 211 422
0004_0282_0344_0051_0103.jpg 1 282 344 51 103
0005_0508_0319_0013_0026.jpg 1 508 319 13 26
0006_0467_0207_0164_0329.jpg 1 467 207 164 329
0007_0198_0205_0042_0085.jpg 1 198 205 42 85
0008_0032_0108_0138_0276.jpg 1 32 108 138 276
0009_0496_0628_0169_0338.jpg 1 496 628 169 338
0010_0180_0088_0128_0257.jpg 1 180 88 128 257
0011_0493_0290_0024_0048.jpg 1 493 290 24 48
0012_0301_0119_0026_0053.jpg 1 301 119 26 53
0013_0613_0081_0031_0062.jpg 1 613 81 31 62
0014_0162_0382_0104_0209.jpg 1 162 382 104 209
0015_0281_0274_0136_0273.jpg 1 281 274 136 273
0016_0282_0135_0113_0227.jpg 1 282 135 113 227
0017_0198_0157_0134_0269.jpg 1 198 157 134 269
0018_0163_0189_0228_0457.jpg 1 163 189 228 457
0019_0341_0076_0069_0139.jpg 1 341 76 69 139
0020_0128_0428_0310_0621.jpg 1 128 428 310 621
0021_0587_0224_0067_0134.jpg 1 587 224 67 134
0022_0149_0249_0432_0864.jpg 1 149 249 432 864
0023_0139_0127_0044_0089.jpg 1 139 127 44 89
0024_0251_0058_0070_0140.jpg 1 251 58 70 140
0025_0252_0277_0061_0122.jpg 1 252 277 61 122
0026_0574_0175_0138_0276.jpg 1 574 175 138 276
0027_0261_0134_0096_0193.jpg 1 261 134 96 193
0028_0429_0090_0114_0228.jpg 1 429 90 114 228
0029_0160_0149_0090_0181.jpg 1 160 149 90 181
0030_0593_0193_0023_0046.jpg 1 593 193 23 46
0031_0192_0144_0052_0104.jpg 1 192 144 52 104
0032_0615_0130_0114_0229.jpg 1 615 130 114 229
0033_0389_0647_0383_0767.jpg 1 389 647 383 767
0034_0155_0059_0105_0210.jpg 1 155 59 105 210
0035_0499_0070_0011_0023.jpg 1 499 70 11 23
0036_0078_0039_0125_0250.jpg 1 78 39 125 250
0037_0257_0065_0094_0188.jpg 1 257 65 94 188
0038_0148_0103_0074_0149.jpg 1 148 103 74 149
0039_0445_0037_0073_0146.jpg 1 445 37 73 146
0040_0223_0180_0207_0414.jpg 1 223 180 207 414
0041_0793_0235_0132_0264.jpg 1 793 235 132 264
0042_0266_0017_0157_0314.jpg 1 266 17 157 314
0043_0138_0111_0070_0141.jpg 1 138 111 70 141
0044_0440_0304_0065_0131.jpg 1 440 304 65 131
0045_0643_0038_0129_0259.jpg 1 643 38 129 259
0046_0315_0348_0357_0714.jpg 1 315 348 357 714
0047_0546_0283_0041_0082.jpg 1 546 283 41 82
0048_0267_0199_0065_0130.jpg 1 267 199 65 130
0049_0344_0178_0488_0977.jpg 1 344 178 488 977
0050_0191_0199_0107_0215.jpg 1 191 199 107 215
0051_0208_0075_0118_0236.jpg 1 208 75 118 236
0052_0469_0087_0218_0436.jpg 1 469 87 218 436
0053_0463_0137_0068_0136.jpg 1 463 137 68 136
0054_0395_0090_0096_0192.jpg 1 395 90 96 192
0055_0138_0130_0153_0306.jpg 1 138 130 153 306
0056_0615_0312_0314_0628.jpg 1 615 312 314 628
0057_0501_0207_0046_0092.jpg 1 501 207 46 92
0058_0397_0137_0098_0196.jpg 1 397 137 98 196
0059_0406_0081_0227_0455.jpg 1 406 81 227 455
0060_0131_0155_0084_0168.jpg 1 131 155 84 168
0061_0094_0132_0218_0436.jpg 1 94 132 218 436
0062_0269_0181_0178_0357.jpg 1 269 181 178 357
0063_0118_0556_0025_0051.jpg 1 118 556 25 51
0064_0289_0081_0133_0267.jpg 1 289 81 133 267
0065_0111_0227_0050_0101.jpg 1 111 227 50 101
0066_0184_0206_0127_0255.jpg 1 184 206 127 255
0067_0067_0116_0148_0296.jpg 1 67 116 148 296
0068_0052_0031_0121_0242.jpg 1 52 31 121 242
0069_0546_0162_0228_0457.jpg 1 546 162 228 457
0070_0246_0207_0033_0066.jpg 1 246 207 33 66
0071_0604_0260_0153_0306.jpg 1 604 260 153 306
0072_0369_0958_0152_0304.jpg 1 369 958 152 304
0073_0448_0128_0030_0061.jpg 1 448 128 30 61
0074_0334_0404_0108_0217.jpg 1 334 404 108 217
0075_0034_0137_0112_0225.jpg 1 34 137 112 225
0076_0242_0082_0065_0131.jpg 1 242 82 65 131
0077_0378_0125_0053_0106.jpg 1 378 125 53 106
0078_0736_0033_0202_0405.jpg 1 736 33 202 405
0079_0165_0079_0030_0060.jpg 1 165 79 30 60
0080_0143_0192_0149_0299.jpg 1 143 192 149 299
0081_0191_0172_0058_0117.jpg 1 191 172 58 117
0082_0665_0120_0091_0183.jpg 1 665 120 91 183
0083_0088_0169_0067_0134.jpg 1 88 169 67 134
0084_0394_0110_0129_0258.jpg 1 394 110 129 258
0085_0586_0326_0041_0083.jpg 1 586 326 41 83
0086_0060_0219_0070_0141.jpg 1 60 219 70 141
0087_0095_0232_0065_0130.jpg 1 95 232 65 130
0088_0331_0082_0100_0200.jpg 1 331 82 100 200
0089_0330_0492_0026_0052.jpg 1 330 492 26 52
0090_0556_0222_0031_0063.jpg 1 556 222 31 63
0091_0291_0196_0179_0359.jpg 1 291 196 179 359
0092_0319_0148_0087_0174.jpg 1 319 148 87 174
0093_0193_0309_0158_0317.jpg 1 193 309 158 317
0094_0250_0279_0024_0049.jpg 1 250 279 24 49
0095_0317_0351_0048_0097.jpg 1 317 351 48 97
0096_0158_0186_0011_0023.jpg 1 158 186 11 23
0097_0293_0297_0023_0047.jpg 1 293 297 23 47
0098_0318_0529_0290_0580.jpg 1 318 529 290 580
0099_0169_0084_0069_0139.jpg 1 169 84 69 139
0100_0752_0645_0064_0128.jpg 1 752 645 64 128
0001_0345_0089_0133_0267.jpg 1 345 89 133 267
0002_0343_0233_0058_0117.jpg 1 343 233 58 117
0003_0259_0108_0158_0317.jpg 1 259 108 158 317
0004_0295_0148_0052_0105.jpg 1 295 148 52 105
0005_0159_0062_0098_0196.jpg 1 159 62 98 196
0006_0484_0292_0064_0129.jpg 1 484 292 64 129
0007_0096_0211_0083_0166.jpg 1 96 211 83 166
0008_0138_0126_0039_0078.jpg 1 138 126 39 78
0009_0287_0152_0046_0093.jpg 1 287 152 46 93
0010_0202_0114_0057_0114.jpg 1 202 114 57 114
0011_0372_0089_0065_0130.jpg 1 372 89 65 130
0012_0654_0226_0203_0406.jpg 1 654 226 203 406
0013_0169_0162_0097_0194.jpg 1 169 162 97 194
0014_0081_0021_0099_0199.jpg 1 81 21 99 199
0015_0242_0381_0013_0027.jpg 1 242 381 13 27
0016_0304_0289_0035_0071.jpg 1 304 289 35 71
0017_0125_0220_0136_0272.jpg 1 125 220 136 272
0018_0282_0202_0221_0442.jpg 1 282 202 221 442
0019_0070_0062_0046_0092.jpg 1 70 62 46 92
0020_0111_0153_0206_0412.jpg 1 111 153 206 412
0021_0071_0309_0028_0057.jpg 1 71 309 28 57
0022_0416_0060_0095_0191.jpg 1 416 60 95 191
0023_0031_0217_0092_0185.jpg 1 31 217 92 185
0024_0218_0648_0291_0583.jpg 1 218 648 291 583
0025_0190_0183_0179_0359.jpg 1 190 183 179 359
0026_0294_0375_0108_0216.jpg 1 294 375 108 216
0027_0094_0016_0132_0265.jpg 1 94 16 132 265
0028_0652_0814_0311_0623.jpg 1 652 814 311 623
0029_0123_0073_0028_0056.jpg 1 123 73 28 56
0030_0132_0040_0110_0221.jpg 1 132 40 110 221
0031_0437_0213_0011_0023.jpg 1 437 213 11 23
0032_0561_0037_0078_0157.jpg 1 561 37 78 157
0033_0232_0122_0207_0415.jpg 1 232 122 207 415
0034_0113_0274_0028_0056.jpg 1 113 274 28 56
0035_0097_0155_0227_0454.jpg 1 97 155 227 454
0036_0328_0150_0034_0068.jpg 1 328 150 34 68
0037_0847_0570_0053_0107.jpg 1 847 570 53 107
0038_0089_0159_0224_0449.jpg 1 89 159 224 449
0039_0292_0074_0014_0029.jpg 1 292 74 14 29
0040_0360_0205_0079_0159.jpg 1 360 205 79 159
0041_0239_0076_0058_0117.jpg 1 239 76 58 117
0042_0147_0153_0094_0189.jpg 1 147 153 94 189
0043_0417_0095_0148_0297.jpg 1 417 95 148 297
0044_0403_0059_0119_0239.jpg 1 403 59 119 239
0045_0222_0427_0047_0095.jpg 1 222 427 47 95
0046_0214_0305_0070_0141.jpg 1 214 305 70 141
0047_0794_0058_0076_0152.jpg 1 794 58 76 152
0048_0192_0208_0035_0071.jpg 1 192 208 35 71
0049_0401_0105_0119_0238.jpg 1 401 105 119 238
0050_0334_0097_0163_0326.jpg 1 334 97 163 326
0051_0174_0020_0101_0202.jpg 1 174 20 101 202
0052_0314_0072_0095_0191.jpg 1 314 72 95 191
0053_0600_0066_0226_0452.jpg 1 600 66 226 452
0054_0207_0043_0114_0229.jpg 1 207 43 114 229
0055_0116_0184_0063_0126.jpg 1 116 184 63 126
0056_0072_0117_0158_0316.jpg 1 72 117 158 316
0057_0426_0312_0165_0331.jpg 1 426 312 165 331
0058_0179_0312_0020_0040.jpg 1 179 312 20 40
0059_0596_0017_0171_0342.jpg 1 596 17 171 342
0060_0185_0125_0012_0025.jpg 1 185 125 12 25
0061_0348_0185_0173_0347.jpg 1 348 185 173 347
0062_0368_0170_0067_0135.jpg 1 368 170 67 135
0063_0319_0136_0078_0157.jpg 1 319 136 78 157
0064_0097_0264_0046_0093.jpg 1 97 264 46 93
0065_0348_0212_0037_0075.jpg 1 348 212 37 75
0066_0175_0098_0137_0275.jpg 1 175 98 137 275
0067_0242_0075_0041_0083.jpg 1 242 75 41 83
0068_0169_0216_0052_0105.jpg 1 169 216 52 105
0069_0142_0068_0077_0155.jpg 1 142 68 77 155
0070_0423_0063_0113_0227.jpg 1 423 63 113 227
0071_0151_0097_0020_0040.jpg 1 151 97 20 40
0072_0235_0085_0010_0021.jpg 1 235 85 10 21
0073_0146_0188_0175_0351.jpg 1 146 188 175 351
0074_0222_0092_0110_0220.jpg 1 222 92 110 220
0075_0430_0142_0105_0211.jpg 1 430 142 105 211
0076_0423_0331_0101_0203.jpg 1 423 331 101 203
0077_0143_0077_0085_0171.jpg 1 143 77 85 171
0078_0301_0154_0139_0279.jpg 1 301 154 139 279
0079_0330_0061_0127_0255.jpg 1 330 61 127 255
0080_0385_0130_0027_0055.jpg 1 385 130 27 55
0081_0306_0275_0046_0092.jpg 1 306 275 46 92
0082_0099_0159_0114_0229.jpg 1 99 159 114 229
0083_0337_0083_0070_0141.jpg 1 337 83 70 141
0084_0340_0137_0109_0219.jpg 1 340 137 109 219
0085_0275_0049_0041_0083.jpg 1 275 49 41 83
0086_0374_0063_0127_0254.jpg 1 374 63 127 254
0087_0397_0047_0088_0176.jpg 1 397 47 88 176
0088_0242_0069_0173_0347.jpg 1 242 69 173 347
0089_0495_0254_0055_0111.jpg 1 495 254 55 111
0090_0227_0277_0041_0083.jpg 1 227 277 41 83
0091_0215_0222_0080_0160.jpg 1 215 222 80 160
0092_0195_0111_0129_0258.jpg 1 195 111 129 258
0093_0097_0140_0075_0151.jpg 1 97 140 75 151
0094_0117_0101_0126_0253.jpg 1 117 101 126 253
0095_0151_0353_0501_1003.jpg 1 151 353 501 1003
0096_0392_0168_0069_0138.jpg 1 392 168 69 138
0097_0108_0062_0217_0435.jpg 1 108 62 217 435
0098_0099_0118_0026_0052.jpg 1 99 118 26 52
0099_0450_0240_0098_0196.jpg 1 450 240 98 196
0100_0338_0054_0092_0185.jpg 1 338 54 92 185
0001_0323_0308_0040_0080.jpg 1 323 308 40 80
0002_0268_0379_0023_0047.jpg 1 268 379 23 47
0003_0599_0327_0242_0485.jpg 1 599 327 242 485
0004_0222_0176_0091_0182.jpg 1 222 176 91 182
0005_0455_0234_0015_0031.jpg 1 455 234 15 31
0006_0080_0320_0023_0047.jpg 1 80 320 23 47
0007_0860_0140_0033_0066.jpg 1 860 140 33 66
0008_0298_0518_0025_0050.jpg 1 298 518 25 50
0009_0317_0258_0098_0197.jpg 1 317 258 98 197
0010_0159_0033_0144_0288.jpg 1 159 33 144 288
0011_0637_0149_0216_0432.jpg 1 637 149 216 432
0012_0422_0245_0034_0068.jpg 1 422 245 34 68
0013_0050_0068_0089_0179.jpg 1 50 68 89 179
0014_0451_0156_0162_0325.jpg 1 451 156 162 325
0015_0407_0372_0029_0059.jpg 1 407 372 29 59
0016_0243_0250_0086_0172.jpg 1 243 250 86 172
0017_0293_0077_0114_0229.jpg 1 293 77 114 229
0018_0370_0072_0022_0045.jpg 1 370 72 22 45
0019_0317_0038_0226_0452.jpg 1 317 38 226 452
0020_0368_0044_0130_0261.jpg 1 368 44 130 261
0021_0439_0102_0102_0204.jpg 1 439 102 102 204
0022_0198_0246_0035_0071.jpg 1 198 246 35 71
0023_0449_0210_0112_0225.jpg 1 449 210 112 225
0024_0234_0119_0218_0436.jpg 1 234 119 218 436
0025_0157_0101_0151_0302.jpg 1 157 101 151 302
0026_0248_0430_0084_0168.jpg 1 248 430 84 168
0027_0263_0149_0191_0383.jpg 1 263 149 191 383
0028_0066_0206_0076_0152.jpg 1 66 206 76 152
0029_0202_0082_0157_0315.jpg 1 202 82 157 315
0030_0491_0301_0098_0196.jpg 1 491 301 98 196
0031_0095_0198_0129_0259.jpg 1 95 198 129 259
0032_0418_0150_0073_0147.jpg 1 418 150 73 147
0033_0080_0164_0023_0047.jpg 1 80 164 23 47
0034_0135_0086_0117_0235.jpg 1 135 86 117 235
0035_0425_0259_0031_0062.jpg 1 425 259 31 62
0036_0312_0322_0145_0290.jpg 1 312 322 145 290
0037_0403_0489_0246_0492.jpg 1 403 489 246 492
0038_0241_0024_0225_0451.jpg 1 241 24 225 451
0039_0132_0151_0100_0201.jpg 1 132 151 100 201
0040_0184_0095_0139_0279.jpg 1 184 95 139 279
0041_0554_0033_0252_0504.jpg 1 554 33 252 504
0042_0275_0055_0142_0285.jpg 1 275 55 142 285
0043_0096_0075_0243_0487.jpg 1 96 75 243 487
0044_0232_0360_0041_0082.jpg 1 232 360 41 82
0045_0172_0068_0104_0208.jpg 1 172 68 104 208
0046_0280_0029_0076_0153.jpg 1 280 29 76 153
0047_0504_0315_0026_0053.jpg 1 504 315 26 53
0048_0206_0086_0122_0244.jpg 1 206 86 122 244
0049_0440_0141_0115_0230.jpg 1 440 141 115 230
0050_0542_0167_0117_0235.jpg 1 542 167 117 235
0051_0626_0185_0183_0367.jpg 1 626 185 183 367
0052_0268_0191_0074_0148.jpg 1 268 191 74 148
0053_0265_0106_0108_0216.jpg 1 265 106 108 216
0054_0063_0148_0043_0087.jpg 1 63 148 43 87
0055_0209_0072_0103_0206.jpg 1 209 72 103 206
0056_0108_0113_0140_0280.jpg 1 108 113 140 280
0057_0370_0063_0054_0109.jpg 1 370 63 54 109
0058_0218_0061_0142_0285.jpg 1 218 61 142 285
0059_0545_0317_0167_0335.jpg 1 545 317 167 335
0060_0045_0302_0137_0274.jpg 1 45 302 137 274
0061_0198_0157_0122_0244.jpg 1 198 157 122 244
0062_0113_0218_0024_0048.jpg 1 113 218 24 48
0063_0141_0101_0112_0224.jpg 1 141 101 112 224
0064_0467_0204_0082_0165.jpg 1 467 204 82 165
0065_0210_0183_0062_0124.jpg 1 210 183 62 124
0066_0302_0161_0098_0197.jpg 1 302 161 98 197
0067_0444_0209_0064_0129.jpg 1 444 209 64 129
0068_0343_0178_0017_0034.jpg 1 343 178 17 34
0069_0148_0242_0128_0256.jpg 1 148 242 128 256
0070_0304_0038_0146_0292.jpg 1 304 38 146 292
0071_0157_0118_0146_0292.jpg 1 157 118 146 292
0072_0317_0092_0126_0252.jpg 1 317 92 126 252
0073_0089_0125_0101_0202.jpg 1 89 125 101 202
0074_0545_0257_0124_0248.jpg 1 545 257 124 248
0075_0301_0149_0110_0221.jpg 1 301 149 110 221
0076_0342_0167_0136_0273.jpg 1 342 167 136 273
0077_0050_0070_0205_0411.jpg 1 50 70 205 411
0078_0064_0313_0107_0215.jpg 1 64 313 107 215
0079_0158_0064_0047_0095.jpg 1 158 64 47 95
0080_0349_0076_0012_0025.jpg 1 349 76 12 25
0081_0749_0494_0054_0108.jpg 1 749 494 54 108
0082_0150_0096_0143_0287.jpg 1 150 96 143 287
0083_0236_0240_0015_0030.jpg 1 236 240 15 30
0084_0234_0375_0093_0186.jpg 1 234 375 93 186
0085_0283_0152_0107_0214.jpg 1 283 152 107 214
0086_0039_0106_0084_0168.jpg 1 39 106 84 168
0087_0241_0069_0083_0167.jpg 1 241 69 83 167
0088_0598_0493_0187_0374.jpg 1 598 493 187 374
0089_0073_0207_0049_0099.jpg 1 73 207 49 99
0090_0426_0515_0012_0025.jpg 1 426 515 12 25
0091_0465_0109_0092_0185.jpg 1 465 109 92 185
0092_0332_0030_0100_0201.jpg 1 332 30 100 201
0093_0297_0297_0161_0322.jpg 1 297 297 161 322
0094_0357_0358_0117_0235.jpg 1 357 358 117 235
0095_0373_0086_0030_0061.jpg 1 373 86 30 61
0096_0363_0107_0078_0157.jpg 1 363 107 78 157
0097_0139_0126_0047_0095.jpg 1 139 126 47 95
0098_0151_0114_0074_0148.jpg 1 151 114 74 148
0099_0115_0024_0220_0441.jpg 1 115 24 220 441
0100_0226_0238_0031_0062.jpg 1 226 238 31 62
0001_0666_0049_0159_0319.jpg 1 666 49 159 319
0002_0447_0130_0116_0232.jpg 1 447 130 116 232
0003_0430_0306_0080_0160.jpg 1 430 306 80 160
0004_0139_0215_0238_0476.jpg 1 139 215 238 476
0005_0472_0031_0047_0095.jpg 1 472 31 47 95
0006_0221_0124_0109_0218.jpg 1 221 124 109 218
0007_0682_0193_0126_0253.jpg 1 682 193 126 253
0008_0715_0502_0052_0104.jpg 1 715 502 52 104
0009_0528_0842_0179_0359.jpg 1 528 842 179 359
0010_0760_0158_0061_0123.jpg 1 760 158 61 123
0011_0055_0098_0122_0245.jpg 1 55 98 122 245
0012_0224_0076_0134_0269.jpg 1 224 76 134 269
0013_0199_0029_0060_0120.jpg 1 199 29 60 120
0014_0180_0229_0464_0928.jpg 1 180 229 464 928
0015_0202_0071_0015_0031.jpg 1 202 71 15 31
0016_0443_0031_0061_0122.jpg 1 443 31 61 122
0017_0264_0242_0056_0112.jpg 1 264 242 56 112
0018_0036_0068_0132_0264.jpg 1 36 68 132 264
0019_0191_0021_0164_0328.jpg 1 191 21 164 328
0020_0184_0141_0077_0155.jpg 1 184 141 77 155
0021_0257_0234_0026_0052.jpg 1 257 234 26 52
0022_0428_1038_0143_0286.jpg 1 428 1038 143 286
0023_0373_0141_0131_0263.jpg 1 373 141 131 263
0024_0377_0206_0219_0438.jpg 1 377 206 219 438
0025_0534_0301_0010_0020.jpg 1 534 301 10 20
0026_0364_0060_0108_0216.jpg 1 364 60 108 216
0027_0085_0064_0107_0215.jpg 1 85 64 107 215
0028_0821_0337_0105_0211.jpg 1 821 337 105 211
0029_0058_0068_0140_0281.jpg 1 58 68 140 281
0030_0622_0072_0151_0302.jpg 1 622 72 151 302
0031_0093_0213_0091_0182.jpg 1 93 213 91 182
0032_0091_0579_0351_0703.jpg 1 91 579 351 703
0033_0189_0243_0079_0158.jpg 1 189 243 79 158
0034_0091_0121_0083_0166.jpg 1 91 121 83 166
0035_0148_0028_0133_0267.jpg 1 148 28 133 267
0036_0090_0100_0227_0454.jpg 1 90 100 227 454
0037_0106_0090_0106_0213.jpg 1 106 90 106 213
0038_0344_0199_0038_0077.jpg 1 344 199 38 77
0039_0091_0131_0237_0474.jpg 1 91 131 237 474
0040_0328_0205_0154_0309.jpg 1 328 205 154 309
0041_0242_0200_0353_0707.jpg 1 242 200 353 707
0042_0170_0235_0416_0832.jpg 1 170 235 416 832
0043_0724_0151_0080_0161.jpg 1 724 151 80 161
0044_0323_0235_0010_0020.jpg 1 323 235 10 20
0045_0359_0203_0071_0143.jpg 1 359 203 71 143
0046_0334_0142_0159_0319.jpg 1 334 142 159 319
0047_0286_0057_0138_0277.jpg 1 286 57 138 277
0048_0363_0058_0112_0224.jpg 1 363 58 112 224
0049_0445_0226_0038_0077.jpg 1 445 226 38 77
0050_0564_0115_0098_0197.jpg 1 564 115 98 197
0051_0148_0115_0135_0270.jpg 1 148 115 135 270
0052_0419_0045_0149_0298.jpg 1 419 45 149 298
0053_0075_0150_0017_0035.jpg 1 75 150 17 35
0054_0065_0276_0086_0173.jpg 1 65 276 86 173
0055_0178_0055_0163_0326.jpg 1 178 55 163 326
0056_0395_0151_0056_0113.jpg 1 395 151 56 113
0057_0268_0647_0140_0281.jpg 1 268 647 140 281
0058_0086_0465_0052_0104.jpg 1 86 465 52 104
0059_0322_0161_0093_0187.jpg 1 322 161 93 187
0060_0543_0199_0040_0081.jpg 1 543 199 40 81
0061_0326_0035_0127_0255.jpg 1 326 35 127 255
0062_0765_0273_0099_0199.jpg 1 765 273 99 199
0063_0305_0165_0111_0222.jpg 1 305 165 111 222
0064_0367_0054_0086_0172.jpg 1 367 54 86 172
0065_0140_0279_0048_0096.jpg 1 140 279 48 96
0066_0335_0342_0465_0930.jpg 1 335 342 465 930
0067_0229_0134_0012_0025.jpg 1 229 134 12 25
0068_0251_0121_0168_0337.jpg 1 251 121 168 337
0069_0263_0486_0114_0229.jpg 1 263 486 114 229
0070_0719_0430_0050_0101.jpg 1 719 430 50 101
0071_0433_0281_0185_0370.jpg 1 433 281 185 370
0072_0459_0524_0244_0488.jpg 1 459 524 244 488
0073_0169_0088_0121_0243.jpg 1 169 88 121 243
0074_0440_0144_0068_0137.jpg 1 440 144 68 137
0075_0101_0250_0097_0195.jpg 1 101 250 97 195
0076_0191_0042_0126_0253.jpg 1 191 42 126 253
0077_0212_0232_0041_0083.jpg 1 212 232 41 83
0078_0581_0164_0107_0215.jpg 1 581 164 107 215
0079_0630_0971_0158_0317.jpg 1 630 971 158 317
0080_0344_0213_0019_0038.jpg 1 344 213 19 38
0081_0636_0204_0137_0275.jpg 1 636 204 137 275
0082_0209_0106_0104_0209.jpg 1 209 106 104 209
0083_0130_0165_0085_0170.jpg 1 130 165 85 170
0084_0453_0049_0115_0230.jpg 1 453 49 115 230
0085_0232_0081_0100_0200.jpg 1 232 81 100 200
0086_0303_0329_0033_0066.jpg 1 303 329 33 66
0087_0079_0155_0053_0107.jpg 1 79 155 53 107
0088_0070_0309_0046_0092.jpg 1 70 309 46 92
0089_0658_0065_0078_0156.jpg 1 658 65 78 156
0090_0070_0222_0028_0056.jpg 1 70 222 28 56
0091_0201_0355_0016_0032.jpg 1 201 355 16 32
0092_0257_0054_0170_0341.jpg 1 257 54 170 341
0093_0169_0177_0051_0103.jpg 1 169 177 51 103
0094_0588_0123_0208_0417.jpg 1 588 123 208 417
0095_0390_0074_0081_0162.jpg 1 390 74 81 162
0096_0185_0123_0135_0270.jpg 1 185 123 135 270
0097_0327_0062_0121_0243.jpg 1 327 62 121 243
0098_0402_0087_0159_0318.jpg 1 402 87 159 318
0099_0316_0069_0175_0350.jpg 1 316 69 175 350
0100_0156_0225_0028_0056.jpg 1 156 225 28 56
0001_0392_0254_0102_0204.jpg 1 392 254 102 204
0002_0295_0786_0189_0378.jpg 1 295 786 189 378
0003_0202_0090_0139_0278.jpg 1 202 90 139 278
0004_0544_0211_0087_0175.jpg 1 544 211 87 175
0005_0791_0363_0025_0051.jpg 1 791 363 25 51
0006_0536_0225_0121_0243.jpg 1 536 225 121 243
0007_0393_0110_0170_0340.jpg 1 393 110 170 340
0008_0267_0054_0042_0085.jpg 1 267 54 42 85
0009_0131_0151_0077_0154.jpg 1 131 151 77 154
0010_0621_0354_0365_0731.jpg 1 621 354 365 731
0011_0150_0427_0390_0781.jpg 1 150 427 390 781
0012_0078_0083_0038_0077.jpg 1 78 83 38 77
0013_0212_0041_0132_0265.jpg 1 212 41 132 265
0014_0704_0228_0215_0431.jpg 1 704 228 215 431
0015_0718_0097_0177_0355.jpg 1 718 97 177 355
0016_0360_0032_0148_0296.jpg 1 360 32 148 296
0017_0227_0158_0069_0139.jpg 1 227 158 69 139
0018_0099_0249_0075_0150.jpg 1 99 249 75 150
0019_0146_0299_0060_0121.jpg 1 146 299 60 121
0020_0633_0194_0225_0450.jpg 1 633 194 225 450
0021_0863_0538_0022_0044.jpg 1 863 538 22 44
0022_0205_0350_0137_0274.jpg 1 205 350 137 274
0023_0304_0111_0090_0181.jpg 1 304 111 90 181
0024_0170_0033_0098_0197.jpg 1 170 33 98 197
0025_0305_0128_0086_0172.jpg 1 305 128 86 172
0026_0194_0193_0025_0051.jpg 1 194 193 25 51
0027_0111_0225_0018_0037.jpg 1 111 225 18 37
0028_0332_0062_0033_0067.jpg 1 332 62 33 67
0029_0091_0110_0044_0088.jpg 1 91 110 44 88
0030_0076_0253_0154_0308.jpg 1 76 253 154 308
0031_0675_0181_0034_0069.jpg 1 675 181 34 69
0032_0676_0054_0107_0215.jpg 1 676 54 107 215
0033_0211_0229_0081_0162.jpg 1 211 229 81 162
0034_0570_0124_0166_0333.jpg 1 570 124 166 333
0035_0584_0329_0089_0178.jpg 1 584 329 89 178
0036_0322_0315_0125_0251.jpg 1 322 315 125 251
0037_0449_0331_0057_0114.jpg 1 449 331 57 114
0038_0259_0177_0074_0148.jpg 1 259 177 74 148
0039_0803_1067_0048_0097.jpg 1 803 1067 48 97
0040_0111_0302_0072_0145.jpg 1 111 302 72 145
0041_0489_0277_0129_0259.jpg 1 489 277 129 259
0042_0718_1139_0045_0090.jpg 1 718 1139 45 90
0043_0689_0316_0310_0621.jpg 1 689 316 310 621
0044_0492_0316_0015_0031.jpg 1 492 316 15 31
0045_0287_0083_0066_0133.jpg 1 287 83 66 133
0046_0239_0294_0103_0207.jpg 1 239 294 103 207
0047_0315_0263_0011_0023.jpg 1 315 263 11 23
0048_0266_0046_0030_0060.jpg 1 266 46 30 60
0049_0345_0364_0102_0205.jpg 1 345 364 102 205
0050_0365_0079_0091_0183.jpg 1 365 79 91 183
0051_0094_0237_0155_0310.jpg 1 94 237 155 310
0052_0186_0270_0036_0073.jpg 1 186 270 36 73
0053_0471_0363_0110_0221.jpg 1 471 363 110 221
0054_0212_0069_0114_0229.jpg 1 212 69 114 229
0055_0433_0802_0331_0662.jpg 1 433 802 331 662
0056_0259_0158_0057_0114.jpg 1 259 158 57 114
0057_0135_0178_0073_0147.jpg 1 135 178 73 147
0058_0451_0126_0165_0331.jpg 1 451 126 165 331
0059_0683_0565_0199_0399.jpg 1 683 565 199 399
0060_0646_0252_0100_0201.jpg 1 646 252 100 201
0061_0338_0104_0026_0052.jpg 1 338 104 26 52
0062_0088_0171_0102_0205.jpg 1 88 171 102 205
0063_0084_0041_0067_0134.jpg 1 84 41 67 134
0064_0459_0078_0153_0306.jpg 1 459 78 153 306
0065_0498_0275_0133_0266.jpg 1 498 275 133 266
0066_0062_0165_0098_0197.jpg 1 62 165 98 197
0067_0425_0033_0093_0186.jpg 1 425 33 93 186
0068_0137_0227_0037_0074.jpg 1 137 227 37 74
0069_0114_0673_0067_0135.jpg 1 114 673 67 135
0070_0531_0542_0029_0059.jpg 1 531 542 29 59
0071_0389_0183_0018_0036.jpg 1 389 183 18 36
0072_0558_0172_0104_0209.jpg 1 558 172 104 209
0073_0482_1159_0133_0266.jpg 1 482 1159 133 266
0074_0225_0080_0098_0196.jpg 1 225 80 98 196
0075_0192_0028_0141_0282.jpg 1 192 28 141 282
0076_0417_0169_0039_0079.jpg 1 417 169 39 79
0077_0186_0062_0106_0212.jpg 1 186 62 106 212
0078_0244_0705_0031_0062.jpg 1 244 705 31 62
0079_0450_0035_0054_0108.jpg 1 450 35 54 108
0080_0261_0141_0062_0125.jpg 1 261 141 62 125
0081_0149_0134_0013_0026.jpg 1 149 134 13 26
0082_0440_0134_0115_0231.jpg 1 440 134 115 231
0083_0536_0271_0161_0323.jpg 1 536 271 161 323
0084_0130_0126_0121_0242.jpg 1 130 126 121 242
0085_0236_0055_0058_0116.jpg 1 236 55 58 116
0086_0085_0170_0083_0167.jpg 1 85 170 83 167
0087_0335_0026_0126_0253.jpg 1 335 26 126 253
0088_0337_0050_0127_0255.jpg 1 337 50 127 255
0089_0280_0603_0313_0626.jpg 1 280 603 313 626
0090_0043_0070_0208_0417.jpg 1 43 70 208 417
0091_0489_0142_0107_0215.jpg 1 489 142 107 215
0092_0550_0128_0211_0423.jpg 1 550 128 211 423
0093_0405_0265_0155_0311.jpg 1 405 265 155 311
0094_0300_0248_0210_0420.jpg 1 300 248 210 420
0095_0555_0862_0053_0107.jpg 1 555 862 53 107
0096_0247_0195_0023_0047.jpg 1 247 195 23 47
0097_0181_0372_0113_0226.jpg 1 181 372 113 226
0098_0542_0123_0095_0190.jpg 1 542 123 95 190
0099_0504_0352_0135_0271.jpg 1 504 352 135 271
0100_0715_0046_0046_0093.jpg 1 715 46 46 93
0001_0498_0332_0142_0284.jpg 1 498 332 142 284
0002_0346_0036_0081_0162.jpg 1 346 36 81 162
0003_0106_0363_0034_0068.jpg 1 106 363 34 68
0004_0123_0186_0086_0172.jpg 1 123 186 86 172
0005_0201_0222_0163_0326.jpg 1 201 222 163 326
0006_0178_1111_0151_0302.jpg 1 178 1111 151 302
0007_0107_0154_0406_0813.jpg 1 107 154 406 813
0008_0206_0075_0091_0182.jpg 1 206 75 91 182
0009_0475_0256_0212_0424.jpg 1 475 256 212 424
0010_0165_0052_0019_0038.jpg 1 165 52 19 38
0011_0198_0205_0071_0142.jpg 1 198 205 71 142
0012_0287_0133_0109_0218.jpg 1 287 133 109 218
0013_0076_0105_0132_0264.jpg 1 76 105 132 264
0014_0233_0197_0092_0185.jpg 1 233 197 92 185
0015_0714_0101_0184_0369.jpg 1 714 101 184 369
0016_0497_0212_0066_0132.jpg 1 497 212 66 132
0017_0280_0238_0056_0113.jpg 1 280 238 56 113
0018_0424_0103_0127_0255.jpg 1 424 103 127 255
0019_0320_0123_0227_0454.jpg 1 320 123 227 454
0020_0537_0043_0194_0388.jpg 1 537 43 194 388
0021_0341_0151_0215_0431.jpg 1 341 151 215 431
0022_0177_0091_0208_0417.jpg 1 177 91 208 417
0023_0618_0333_0011_0022.jpg 1 618 333 11 22
0024_0341_0104_0082_0164.jpg 1 341 104 82 164
0025_0078_0137_0099_0198.jpg 1 78 137 99 198
0026_0252_0074_0014_0029.jpg 1 252 74 14 29
0027_0195_0062_0126_0252.jpg 1 195 62 126 252
0028_0228_0291_0071_0143.jpg 1 228 291 71 143
0029_0364_0269_0016_0032.jpg 1 364 269 16 32
0030_0394_0042_0127_0255.jpg 1 394 42 127 255
0031_0267_0366_0023_0047.jpg 1 267 366 23 47
0032_0406_0156_0511_1023.jpg 1 406 156 511 1023
0033_0459_0130_0104_0208.jpg 1 459 130 104 208
0034_0354_0286_0025_0051.jpg 1 354 286 25 51
0035_0094_0304_0045_0090.jpg 1 94 304 45 90
0036_0405_0107_0093_0186.jpg 1 405 107 93 186
0037_0167_0200_0068_0136.jpg 1 167 200 68 136
0038_0566_0043_0169_0338.jpg 1 566 43 169 338
0039_0198_0167_0210_0421.jpg 1 198 167 210 421
0040_0218_1290_0043_0087.jpg 1 218 1290 43 87
0041_0320_0138_0209_0418.jpg 1 320 138 209 418
0042_0699_0056_0167_0334.jpg 1 699 56 167 334
0043_0206_0025_0095_0190.jpg 1 206 25 95 190
0044_0116_0188_0027_0054.jpg 1 116 188 27 54
0045_0035_0133_0124_0248.jpg 1 35 133 124 248
0046_0552_0146_0459_0919.jpg 1 552 146 459 919
0047_0284_0298_0018_0036.jpg 1 284 298 18 36
0048_0228_0133_0087_0175.jpg 1 228 133 87 175
0049_0676_0034_0224_0448.jpg 1 676 34 224 448
0050_0219_0197_0138_0276.jpg 1 219 197 138 276
0051_0550_0677_0104_0209.jpg 1 550 677 104 209
0052_0511_0228_0024_0048.jpg 1 511 228 24 48
0053_0152_0254_0059_0119.jpg 1 152 254 59 119
0054_0301_0335_0386_0773.jpg 1 301 335 386 773
0055_0281_0250_0067_0134.jpg 1 281 250 67 134
0056_0386_0119_0136_0273.jpg 1 386 119 136 273
0057_0583_0180_0055_0111.jpg 1 583 180 55 111
0058_0578_0189_0165_0330.jpg 1 578 189 165 330
0059_0434_0307_0015_0030.jpg 1 434 307 15 30
0060_0113_0332_0125_0251.jpg 1 113 332 125 251
0061_0107_0299_0036_0073.jpg 1 107 299 36 73
0062_0132_0287_0125_0250.jpg 1 132 287 125 250
0063_0682_0391_0102_0204.jpg 1 682 391 102 204
0064_0078_0080_0057_0115.jpg 1 78 80 57 115
0065_0294_0196_0162_0325.jpg 1 294 196 162 325
0066_0486_0075_0117_0234.jpg 1 486 75 117 234
0067_0578_0044_0070_0141.jpg 1 578 44 70 141
0068_0503_0125_0012_0024.jpg 1 503 125 12 24
0069_0301_0104_0130_0261.jpg 1 301 104 130 261
0070_0096_0080_0111_0223.jpg 1 96 80 111 223
0071_0226_0112_0104_0208.jpg 1 226 112 104 208
0072_0237_0303_0031_0062.jpg 1 237 303 31 62
0073_0748_0491_0039_0079.jpg 1 748 491 39 79
0074_0649_0347_0073_0146.jpg 1 649 347 73 146
0075_0292_0136_0107_0214.jpg 1 292 136 107 214
0076_0745_0120_0150_0300.jpg 1 745 120 150 300
0077_0379_0055_0238_0476.jpg 1 379 55 238 476
0078_0219_0196_0105_0211.jpg 1 219 196 105 211
0079_0731_0234_0027_0055.jpg 1 731 234 27 55
0080_0773_0845_0211_0422.jpg 1 773 845 211 422
0081_0274_0059_0067_0135.jpg 1 274 59 67 135
0082_0642_0244_0147_0294.jpg 1 642 244 147 294
0083_0536_0236_0157_0315.jpg 1 536 236 157 315
0084_0467_0124_0071_0143.jpg 1 467 124 71 143
0085_0306_0047_0060_0121.jpg 1 306 47 60 121
0086_0407_0257_0096_0193.jpg 1 407 257 96 193
0087_0241_0103_0120_0240.jpg 1 241 103 120 240
0088_0146_0079_0090_0180.jpg 1 146 79 90 180
0089_0451_0399_0040_0081.jpg 1 451 399 40 81
0090_0764_0262_0169_0338.jpg 1 764 262 169 338
0091_0192_0348_0015_0031.jpg 1 192 348 15 31
0092_0216_0088_0115_0230.jpg 1 216 88 115 230
0093_0074_0035_0171_0343.jpg 1 74 35 171 343
0094_0406_0051_0074_0148.jpg 1 406 51 74 148
0095_0333_0073_0096_0193.jpg 1 333 73 96 193
0096_0219_0249_0012_0024.jpg 1 219 249 12 24
0097_0241_0114_0056_0112.jpg 1 241 114 56 112
0098_0086_0069_0134_0269.jpg 1 86 69 134 269
0099_0509_0131_0128_0256.jpg 1 509 131 128 256
0100_0697_0670_0298_0596.jpg 1 697 670 298 596
0001_0130_0038_0149_0299.jpg 1 130 38 149 299
0002_0073_0185_0015_0030.jpg 1 73 185 15 30
0003_0120_0321_0087_0174.jpg 1 120 321 87 174
0004_0391_0202_0063_0127.jpg 1 391 202 63 127
0005_0667_0211_0195_0390.jpg 1 667 211 195 390
0006_0435_0154_0068_0137.jpg 1 435 154 68 137
0007_0301_0355_0426_0852.jpg 1 301 355 426 852
0008_0151_0142_0085_0171.jpg 1 151 142 85 171
0009_0486_0033_0077_0155.jpg 1 486 33 77 155
0010_0110_0059_0143_0287.jpg 1 110 59 143 287
0011_0169_0318_0022_0045.jpg 1 169 318 22 45
0012_0127_0252_0029_0058.jpg 1 127 252 29 58
0013_0346_0167_0125_0250.jpg 1 346 167 125 250
0014_0305_0216_0095_0191.jpg 1 305 216 95 191
0015_0251_0218_0095_0191.jpg 1 251 218 95 191
0016_0181_0279_0050_0101.jpg 1 181 279 50 101
0017_0086_0045_0223_0447.jpg 1 86 45 223 447
0018_0369_0158_0041_0082.jpg 1 369 158 41 82
0019_0231_0114_0123_0246.jpg 1 231 114 123 246
0020_0399_0209_0244_0489.jpg 1 399 209 244 489
0021_0825_0381_0026_0053.jpg 1 825 381 26 53
0022_0113_0171_0060_0120.jpg 1 113 171 60 120
0023_0234_0045_0131_0262.jpg 1 234 45 131 262
0024_0684_0134_0128_0257.jpg 1 684 134 128 257
0025_0082_0132_0087_0174.jpg 1 82 132 87 174
0026_0219_0113_0165_0330.jpg 1 219 113 165 330
0027_0256_0090_0132_0264.jpg 1 256 90 132 264
0028_0412_0705_0385_0771.jpg 1 412 705 385 771
0029_0319_0110_0096_0193.jpg 1 319 110 96 193
0030_0360_0094_0162_0324.jpg 1 360 94 162 324
0031_0128_0048_0110_0220.jpg 1 128 48 110 220
0032_0156_0119_0168_0336.jpg 1 156 119 168 336
0033_0172_0068_0146_0293.jpg 1 172 68 146 293
0034_0318_0262_0028_0057.jpg 1 318 262 28 57
0035_0556_0313_0134_0269.jpg 1 556 313 134 269
0036_0583_0402_0356_0713.jpg 1 583 402 356 713
0037_0404_0226_0204_0409.jpg 1 404 226 204 409
0038_0522_0311_0145_0290.jpg 1 522 311 145 290
0039_0358_0042_0108_0217.jpg 1 358 42 108 217
0040_0275_0158_0388_0777.jpg 1 275 158 388 777
0041_0191_0065_0102_0204.jpg 1 191 65 102 204
0042_0247_0286_0010_0021.jpg 1 247 286 10 21
0043_0328_0118_0049_0098.jpg 1 328 118 49 98
0044_0069_0202_0045_0091.jpg 1 69 202 45 91
0045_0241_0072_0133_0266.jpg 1 241 72 133 266
0046_0462_0155_0372_0745.jpg 1 462 155 372 745
0047_0214_0179_0020_0041.jpg 1 214 179 20 41
0048_0091_0144_0046_0093.jpg 1 91 144 46 93
0049_0287_0063_0074_0149.jpg 1 287 63 74 149
0050_0503_0226_0113_0227.jpg 1 503 226 113 227
0051_0282_0443_0028_0056.jpg 1 282 443 28 56
0052_0304_0301_0027_0054.jpg 1 304 301 27 54
0053_0154_0051_0204_0408.jpg 1 154 51 204 408
0054_0607_0109_0149_0298.jpg 1 607 109 149 298
0055_0246_0107_0102_0205.jpg 1 246 107 102 205
0056_0322_0152_0136_0273.jpg 1 322 152 136 273
0057_0164_0270_0042_0084.jpg 1 164 270 42 84
0058_0061_0134_0482_0965.jpg 1 61 134 482 965
0059_0210_0195_0401_0803.jpg 1 210 195 401 803
0060_0247_0389_0512_1024.jpg 1 247 389 512 1024
0061_0175_0051_0108_0216.jpg 1 175 51 108 216
0062_0242_0048_0058_0116.jpg 1 242 48 58 116
0063_0097_0042_0153_0306.jpg 1 97 42 153 306
0064_0190_0243_0011_0023.jpg 1 190 243 11 23
0065_0258_0123_0122_0245.jpg 1 258 123 122 245
0066_0082_0252_0184_0369.jpg 1 82 252 184 369
0067_0269_0186_0172_0344.jpg 1 269 186 172 344
0068_0277_0260_0011_0023.jpg 1 277 260 11 23
0069_0102_0110_0014_0028.jpg 1 102 110 14 28
0070_0174_0253_0014_0029.jpg 1 174 253 14 29
0071_0037_0205_0051_0102.jpg 1 37 205 51 102
0072_0711_0203_0142_0285.jpg 1 711 203 142 285
0073_0349_0416_0453_0907.jpg 1 349 416 453 907
0074_0357_0185_0037_0074.jpg 1 357 185 37 74
0075_0151_0073_0119_0238.jpg 1 151 73 119 238
0076_0381_0104_0129_0259.jpg 1 381 104 129 259
0077_0277_0087_0126_0253.jpg 1 277 87 126 253
0078_0237_0159_0050_0100.jpg 1 237 159 50 100
0079_0188_0317_0055_0110.jpg 1 188 317 55 110
0080_0471_0043_0071_0142.jpg 1 471 43 71 142
0081_0189_0166_0040_0081.jpg 1 189 166 40 81
0082_0453_0034_0094_0189.jpg 1 453 34 94 189
0083_0584_0060_0169_0339.jpg 1 584 60 169 339
0084_0424_0359_0071_0143.jpg 1 424 359 71 143
0085_0127_0313_0015_0031.jpg 1 127 313 15 31
0086_0457_0136_0010_0020.jpg 1 457 136 10 20
0087_0197_0098_0144_0289.jpg 1 197 98 144 289
0088_0094_0171_0021_0042.jpg 1 94 171 21 42
0089_0494_0036_0046_0092.jpg 1 494 36 46 92
0090_0392_0147_0067_0135.jpg 1 392 147 67 135
0091_0526_0036_0156_0313.jpg 1 526 36 156 313
0092_0097_0082_0121_0242.jpg 1 97 82 121 242
0093_0407_0114_0141_0282.jpg 1 407 114 141 282
0094_0373_0124_0042_0085.jpg 1 373 124 42 85
0095_0200_0324_0018_0037.jpg 1 200 324 18 37
0096_0172_0120_0026_0052.jpg 1 172 120 26 52
0097_0151_0208_0054_0108.jpg 1 151 208 54 108
0098_0165_0072_0138_0276.jpg 1 165 72 138 276
0099_0382_0115_0032_0065.jpg 1 382 115 32 65
0100_0082_0078_0054_0108.jpg 1 82 78 54 108
